0 1028 1575 +1163 +1186
1 1675 1177 +361 +70
2 1382 3379 +622 +121
3 784 277 +757 +2332
4 1309 1858 +438 +972
5 859 1575 +15 +983
6 685 949 +365 +749
7 587 928 +306 +966
8 545 904 +288 +989
9 1056 1015 +671 +989
10 1056 1015 +671 +989
11 968 1893 +726 +983
12 488 171 +1012 +614
13 590 356 +967 +481
14 230 123 +1140 +726
15 44 21 +1181 +775
16 52 38 +1191 +779
17 169 33 +1158 +737
18 169 85 +1147 +731
19 211 178 +1125 +697
20 481 203 +1021 +725
21 258 102 +1126 +726
22 117 56 +1171 +730
23 162 133 +1164 +725
24 170 95 +1164 +746
25 204 98 +1157 +747
26 207 107 +1151 +734
27 200 92 +1156 +745
28 186 125 +1158 +726
29 180 185 +1163 +702
30 146 138 +1170 +726
31 172 40 +1159 +754
32 211 79 +1140 +744
33 163 142 +1166 +722
34 533 160 +1009 +509
35 533 160 +1009 +509
36 533 160 +1009 +509
37 533 160 +1009 +509
38 533 160 +1009 +509
39 533 160 +1009 +509
40 533 160 +1009 +509
41 533 160 +1009 +509
42 533 160 +1009 +509
43 533 160 +1009 +509
44 533 160 +1009 +509
45 533 160 +1009 +509
46 506 143 +1016 +531
47 443 82 +1060 +438
48 435 88 +1070 +444
49 428 98 +1083 +436
50 458 100 +1055 +416
51 422 66 +1077 +438
52 669 465 +962 +268
53 474 485 +1098 +332
54 138 219 +1275 +700
55 871 704 +844 +19
56 971 547 +837 +69
57 946 538 +811 +772
58 554 267 +978 +458
59 779 367 +961 +125
60 628 593 +776 +716
61 1060 767 +796 +95
62 578 661 +781 +329
63 2221 2025 +87 +904
64 340 159 +1067 +679
65 1120 1149 +679 +117
66 231 378 +653 +82
67 239 299 +657 +122
68 329 350 +683 +78
69 554 554 +1200 +77
70 277 276 +1366 +222
71 1278 510 +643 +65
72 864 739 +1548 +30
73 286 237 +730 +792
74 196 347 +603 +389
75 328 315 +1143 +28
76 546 605 +364 +123
77 388 490 +450 +261
78 1196 577 +628 +224
79 355 256 +537 +151
80 330 331 +789 +163
81 308 468 +545 +139
